DSAA                                                              
99                                                              
48                                                              
0 8                                                             
0 0 0 0 0 0 0 0 0 0 0 0 0 0 0 0 0 0 0 0 0 0 0 0 0 0 0 0 0 0 0 0 0 0 0 0 0 0 0 0 0 0 0 0 0 0 0 0 0 0 0 0 0 0 0 0 0 0 0 0 0 0 0 0 0 0 0 0 0 0 0 0 0 0 0 0 0 0 0 0 0 0 0 0 0 0 0 0 0 0 0 0 0 0 0 0 0 0 0
0 0 0 0 0 0 0 0 0 0 0 0 0 0 0 0 0 0 0 0 0 0 0 0 0 0 0 0 0 0 0 0 0 0 0 0 0 0 0 0 0 0 0 0 0 0 0 0 0 0 0 0 0 0 0 0 0 0 0 0 0 0 0 0 0 0 0 0 0 0 0 0 0 0 0 0 0 0 0 0 0 0 0 0 0 0 0 0 0 0 0 0 0 0 0 0 0 0 0
0 0 0 0 0 0 0 0 0 0 0 0 0 0 0 0 0 0 0 0 0 0 0 0 0 0 0 0 0 0 0 0 0 0 0 0 0 0 0 0 0 0 0 0 0 0 0 0 0 0 0 0 0 0 0 0 0 0 0 0 0 0 0 0 0 0 0 0 0 0 0 0 0 0 0 0 0 0 0 0 0 0 0 0 0 0 0 0 0 0 0 0 0 0 0 0 0 0 0
0 0 0 0 0 0 0 0 0 0 0 0 0 0 0 0 0 0 0 0 0 0 0 0 0 0 0 0 0 0 0 0 0 0 0 0 0 0 0 0 0 0 0 0 0 0 0 0 0 0 0 0 0 0 0 0 0 0 0 0 0 0 0 0 0 0 0 0 0 0 0 0 0 0 0 0 0 0 0 0 0 0 0 0 0 0 0 0 0 0 0 0 0 0 0 0 0 0 0
0 0 0 0 9 9 9 9 9 9 9 9 9 9 9 9 9 9 9 9 9 9 9 9 9 9 9 9 9 9 9 9 9 9 9 9 9 9 9 9 9 9 9 9 0 0 0 0 0 0 0 0 0 0 0 9 9 9 9 9 9 9 9 9 9 9 9 9 9 9 9 9 9 9 9 9 9 9 9 9 9 9 9 9 9 9 9 9 9 9 9 9 9 9 9 0 0 0 0
0 0 0 0 9 5 5 5 5 5 5 5 5 5 5 5 5 5 5 5 5 5 5 5 5 5 5 5 5 5 5 5 5 5 5 5 5 5 5 5 5 5 5 9 0 0 0 0 0 0 0 0 0 0 0 9 5 5 5 5 5 5 5 5 5 5 5 5 5 5 5 5 5 5 5 5 5 5 5 5 5 5 5 5 5 5 5 5 5 5 5 5 5 5 9 0 0 0 0
0 0 0 0 9 5 5 5 5 5 5 5 5 5 5 5 5 5 5 5 5 5 5 5 5 5 5 5 5 5 5 5 5 5 5 5 5 5 5 5 5 5 5 9 0 0 0 0 0 0 0 0 0 0 0 9 5 5 5 5 5 5 5 5 5 5 5 5 5 5 5 5 5 5 5 5 5 5 5 5 5 5 5 5 5 5 5 5 5 5 5 5 5 5 9 0 0 0 0
0 0 0 0 9 5 5 5 5 5 5 5 5 5 5 5 5 5 5 5 5 5 5 5 5 5 5 5 5 5 5 5 5 5 5 5 5 5 5 5 5 5 5 9 0 0 0 0 0 0 0 0 0 0 0 9 5 5 5 5 5 5 5 5 5 5 5 5 5 5 5 5 5 5 5 5 5 5 5 5 5 5 5 5 5 5 5 5 5 5 5 5 5 5 9 0 0 0 0
0 0 0 0 9 5 5 5 5 5 5 5 5 5 5 5 5 5 5 5 5 5 5 5 5 5 5 5 5 5 5 5 5 5 5 5 5 5 5 5 5 5 5 9 0 0 0 0 0 0 0 0 0 0 0 9 5 5 5 5 5 5 5 5 5 5 5 5 5 5 5 5 5 5 5 5 5 5 5 5 5 5 5 5 5 5 5 5 5 5 5 5 5 5 9 0 0 0 0
0 0 0 0 9 5 5 5 5 5 5 5 5 5 5 5 5 5 5 5 5 5 5 5 5 5 5 5 5 5 5 5 5 5 5 5 5 5 5 5 5 5 5 9 0 0 0 0 0 0 0 0 0 0 0 9 5 5 5 5 5 5 5 5 5 5 5 5 5 5 5 5 5 5 5 5 5 5 5 5 5 5 5 5 5 5 5 5 5 5 5 5 5 5 9 0 0 0 0
0 0 0 0 9 5 5 5 5 5 5 5 5 5 5 5 5 5 5 5 5 5 9 5 5 5 5 5 5 5 5 5 5 5 5 5 5 5 5 5 5 5 5 9 0 0 0 0 0 0 0 0 0 0 0 9 5 5 5 5 5 5 5 5 5 5 5 5 5 5 5 5 5 5 5 5 5 5 5 5 5 5 5 5 5 5 5 5 5 5 5 5 5 5 9 0 0 0 0
0 0 0 0 9 5 5 5 5 5 5 9 9 9 9 5 5 5 5 5 5 5 5 9 5 5 5 5 5 5 5 5 5 9 9 9 9 5 5 5 5 5 5 9 0 0 0 0 0 0 0 0 0 0 0 9 5 5 5 5 5 5 9 9 9 9 5 5 5 5 5 5 5 5 5 5 5 5 5 5 5 5 5 5 9 9 9 9 5 5 5 5 5 5 9 0 0 0 0
0 0 0 0 9 5 5 5 5 5 5 9 9 9 9 5 5 5 5 5 5 5 5 5 9 5 5 5 5 5 5 5 5 9 9 9 9 5 5 5 5 5 5 9 0 0 0 0 0 0 0 0 0 0 0 9 5 5 5 5 5 5 9 9 9 9 5 5 5 5 5 5 5 5 5 5 5 5 5 5 5 5 5 5 9 9 9 9 5 5 5 5 5 5 9 0 0 0 0
0 0 0 0 9 5 5 5 5 5 5 9 9 9 9 5 5 5 5 5 5 5 5 5 5 9 5 5 5 5 5 5 5 9 9 9 9 5 5 5 5 5 5 9 9 9 9 9 9 9 9 9 9 9 9 9 5 5 5 5 5 5 9 9 9 9 5 5 5 5 5 5 5 5 5 5 5 5 5 5 5 5 5 5 9 9 9 9 5 5 5 5 5 5 9 0 0 0 0
0 0 0 0 9 5 5 5 5 5 5 9 9 9 9 5 5 5 5 5 5 5 5 5 5 5 9 5 5 5 5 5 5 9 9 9 9 5 5 5 5 5 5 9 9 9 9 9 9 9 9 9 9 9 9 9 5 5 5 5 5 5 9 9 9 9 5 5 5 5 5 5 5 5 5 5 5 5 5 5 5 5 5 5 9 9 9 9 5 5 5 5 5 5 9 0 0 0 0
0 0 0 0 9 5 5 5 5 5 5 9 9 9 9 5 5 5 5 5 5 5 5 5 5 5 5 5 5 5 5 5 5 9 9 9 9 5 5 5 5 5 5 9 9 9 9 9 9 9 9 9 9 9 9 9 5 5 5 5 5 5 9 9 9 9 5 5 5 5 5 5 5 5 5 5 5 5 5 5 5 5 5 5 9 9 9 9 5 5 5 5 5 5 9 0 0 0 0
0 0 0 0 9 5 5 5 5 5 5 5 5 5 5 5 5 5 5 5 5 5 5 5 5 5 5 5 5 5 5 5 5 5 5 5 5 5 5 5 5 5 5 9 9 9 9 9 9 9 9 9 9 9 9 9 5 5 5 5 5 5 5 5 5 5 5 5 5 5 5 5 5 5 5 5 5 5 5 5 5 9 5 5 5 5 5 5 5 5 5 5 5 5 9 0 0 0 0
0 0 0 0 9 5 5 5 5 5 5 5 5 5 5 5 5 5 5 5 5 5 5 5 5 5 5 5 5 5 5 5 5 5 5 5 5 5 5 5 5 5 5 9 0 0 0 0 0 0 0 0 0 0 0 9 5 5 5 5 5 5 5 5 5 5 5 5 5 5 5 5 5 5 5 5 5 5 5 5 5 5 9 5 5 5 5 5 5 5 5 5 5 5 9 0 0 0 0
0 0 0 0 9 5 5 5 5 5 5 5 5 5 5 5 5 5 5 5 5 5 5 5 5 5 5 5 5 5 5 5 5 5 5 5 5 5 5 5 5 5 5 9 0 0 0 0 0 0 0 0 0 0 0 9 5 5 5 5 5 5 5 5 5 5 5 5 5 5 5 5 5 5 5 5 5 5 5 5 5 5 5 9 5 5 5 5 5 5 5 5 5 5 9 0 0 0 0
0 0 0 0 9 5 5 5 5 5 5 5 5 5 5 5 5 5 5 5 5 5 5 5 5 5 5 5 5 5 5 5 5 5 5 5 5 5 5 5 5 5 5 9 0 0 0 0 0 0 0 0 0 0 0 9 5 5 5 5 5 5 5 5 5 5 5 5 5 5 5 5 5 5 5 5 5 5 5 5 5 5 5 5 9 5 5 5 5 5 5 5 5 5 9 0 0 0 0
0 0 0 0 9 5 5 5 5 5 5 5 5 5 5 5 5 5 5 5 5 5 5 5 5 5 5 5 5 5 5 5 5 5 5 5 5 5 5 5 5 5 5 9 0 0 0 0 0 0 0 0 0 0 0 9 5 5 5 5 5 5 5 5 5 5 5 5 5 5 5 5 5 5 5 5 5 5 5 5 5 5 5 5 5 9 5 5 5 5 5 5 5 5 9 0 0 0 0
0 0 0 0 9 5 5 9 5 5 5 5 5 5 5 5 5 5 5 5 5 5 5 5 5 5 5 5 5 5 5 5 5 5 5 5 5 5 5 5 5 5 5 9 0 0 0 0 0 0 0 0 0 0 0 9 5 5 5 5 5 5 5 5 5 5 5 5 5 5 5 5 5 5 5 5 5 5 5 5 5 5 5 5 5 5 5 5 5 5 5 5 5 5 9 0 0 0 0
0 0 0 0 9 5 5 5 9 5 5 5 5 5 5 5 5 5 5 5 5 5 5 5 5 5 5 5 5 5 5 5 5 5 5 5 5 5 5 5 5 5 5 9 0 0 0 0 0 0 0 0 0 0 0 9 5 5 5 5 5 5 5 5 5 5 5 5 5 5 5 5 5 5 5 5 5 5 5 5 5 5 5 5 5 5 5 5 5 5 5 5 5 5 9 0 0 0 0
0 0 0 0 9 5 5 5 5 9 5 5 5 5 5 5 5 5 5 5 5 5 9 9 9 9 5 5 5 5 5 5 5 5 5 5 5 5 5 5 5 5 5 9 0 0 0 0 0 0 0 0 0 0 0 9 5 5 5 5 5 5 5 5 5 5 5 5 5 5 5 5 5 9 9 9 9 5 5 5 5 5 5 5 5 5 5 5 5 5 5 5 5 5 9 0 0 0 0
0 0 0 0 9 5 5 5 5 5 9 5 5 5 5 5 5 5 5 5 5 5 9 9 9 9 5 5 5 5 5 5 5 5 5 5 5 5 5 5 5 5 5 9 0 0 0 0 0 0 0 0 0 0 0 9 5 5 5 5 5 5 5 5 5 5 5 5 5 5 5 5 5 9 9 9 9 5 5 5 5 5 5 5 5 5 5 5 5 5 5 5 5 5 9 0 0 0 0
0 0 0 0 9 5 5 5 5 5 5 9 5 5 5 5 5 5 5 5 5 5 9 9 9 9 5 5 5 5 5 5 5 5 5 5 5 5 5 5 5 5 5 9 0 0 0 0 0 0 0 0 0 0 0 9 5 5 5 5 5 5 5 5 5 5 5 5 5 5 5 5 5 9 9 9 9 5 5 5 5 5 5 5 5 5 5 5 5 5 5 5 5 5 9 0 0 0 0
0 0 0 0 9 5 5 5 5 5 5 5 5 5 5 5 5 5 5 5 5 5 9 9 9 9 5 5 5 5 5 5 5 5 5 5 5 5 5 5 5 5 5 9 0 0 0 0 0 0 0 0 0 0 0 9 5 5 5 5 5 5 5 5 5 5 5 5 5 5 5 5 5 9 9 9 9 5 5 5 5 5 5 5 5 5 5 5 5 5 5 5 5 5 9 0 0 0 0
0 0 0 0 9 5 5 5 5 5 5 5 5 5 5 5 5 5 5 5 5 5 9 9 9 9 5 5 5 5 5 5 5 5 5 5 5 5 5 5 5 5 5 9 0 0 0 0 0 0 0 0 0 0 0 9 5 5 5 5 5 5 5 5 5 5 5 5 5 5 5 5 5 9 9 9 9 5 5 5 5 5 5 5 5 5 5 5 5 5 5 5 5 5 9 0 0 0 0
0 0 0 0 9 5 5 5 5 5 5 5 5 5 5 5 5 5 5 5 5 5 5 5 5 5 5 5 5 5 5 5 5 5 5 5 5 5 5 5 5 5 5 9 0 0 0 0 0 0 0 0 0 0 0 9 5 5 5 5 5 5 5 5 5 5 5 5 5 5 5 5 5 5 5 5 5 5 5 5 5 5 5 5 5 5 5 5 5 5 5 5 5 5 9 0 0 0 0
0 0 0 0 9 5 5 5 5 5 5 5 5 5 5 5 5 5 5 5 5 5 5 5 5 5 5 5 5 5 5 5 5 5 5 5 5 5 5 5 5 5 5 9 0 0 0 0 0 0 0 0 0 0 0 9 5 5 5 5 5 5 5 5 5 5 5 5 5 5 5 5 5 5 5 5 5 5 5 5 5 5 5 5 5 5 5 5 5 5 5 5 5 5 9 0 0 0 0
0 0 0 0 9 5 5 5 5 5 5 5 5 5 5 5 5 5 5 5 5 5 5 5 5 5 5 5 5 9 5 5 5 5 5 5 5 5 5 5 5 5 5 9 0 0 0 0 0 0 0 0 0 0 0 9 5 5 5 5 5 5 5 5 5 5 5 5 5 5 5 5 5 5 5 5 5 5 5 5 5 5 5 5 5 5 5 5 5 5 5 5 5 5 9 0 0 0 0
0 0 0 0 9 5 5 5 5 5 5 5 5 5 5 5 5 5 5 5 5 5 5 5 5 5 5 5 9 5 5 5 5 5 5 5 5 5 5 5 5 5 5 9 0 0 0 0 0 0 0 0 0 0 0 9 5 5 5 5 5 5 5 5 5 5 5 5 5 5 5 5 5 5 5 5 5 5 5 5 5 5 5 5 5 5 5 5 5 5 5 5 5 5 9 0 0 0 0
0 0 0 0 9 5 5 5 5 5 5 5 5 5 5 5 5 5 5 5 5 5 5 5 5 5 5 9 5 5 5 5 5 5 5 5 5 5 5 5 5 5 5 9 0 0 0 0 0 0 0 0 0 0 0 9 5 5 5 5 5 5 5 5 5 5 5 5 5 5 5 5 5 5 5 5 5 5 5 5 5 5 5 5 5 5 5 5 5 5 5 5 5 5 9 0 0 0 0
0 0 0 0 9 5 5 5 5 5 5 9 9 9 9 5 5 5 5 5 5 5 5 5 5 5 9 5 5 5 5 5 5 9 9 9 9 5 5 5 5 5 5 9 9 9 9 9 9 9 9 9 9 9 9 9 5 5 5 5 5 5 9 9 9 9 5 5 5 5 5 5 5 5 5 5 5 5 5 5 5 5 5 5 9 9 9 9 5 5 5 5 5 5 9 0 0 0 0
0 0 0 0 9 5 5 5 5 5 5 9 9 9 9 5 5 5 5 5 5 5 5 5 5 9 5 5 5 5 5 5 5 9 9 9 9 5 5 5 5 5 5 9 9 9 9 9 9 9 9 9 9 9 9 9 5 5 5 5 5 5 9 9 9 9 5 5 5 5 5 5 5 5 5 5 5 5 5 5 5 5 5 5 9 9 9 9 5 5 5 5 5 5 9 0 0 0 0
0 0 0 0 9 5 5 5 5 5 5 9 9 9 9 5 5 5 5 5 5 5 5 5 5 5 5 5 5 5 5 5 5 9 9 9 9 5 5 5 5 5 5 9 9 9 9 9 9 9 9 9 9 9 9 9 5 5 5 5 5 5 9 9 9 9 5 5 5 5 5 5 5 5 5 5 5 5 5 5 5 5 5 5 9 9 9 9 5 5 5 5 5 5 9 0 0 0 0
0 0 0 0 9 5 5 5 5 5 5 9 9 9 9 5 5 5 5 5 5 5 5 5 5 5 5 5 5 5 5 5 5 9 9 9 9 5 5 5 5 5 5 9 9 9 9 9 9 9 9 9 9 9 9 9 5 5 5 5 5 5 9 9 9 9 5 5 5 5 5 5 5 5 5 5 5 5 5 5 5 5 5 5 9 9 9 9 5 5 5 5 5 5 9 0 0 0 0
0 0 0 0 9 5 5 5 5 5 5 9 9 9 9 5 5 5 5 5 5 5 5 5 5 5 5 5 5 5 5 5 5 9 9 9 9 5 5 5 5 5 5 9 0 0 0 0 0 0 0 0 0 0 0 9 5 5 5 5 5 5 9 9 9 9 5 5 5 9 5 5 5 5 5 5 5 5 5 5 5 5 5 5 9 9 9 9 5 5 5 5 5 5 9 0 0 0 0
0 0 0 0 9 5 5 5 5 5 5 5 5 5 5 5 5 5 5 5 5 5 5 5 5 5 5 5 5 5 5 5 5 5 5 5 5 5 5 5 5 5 5 9 0 0 0 0 0 0 0 0 0 0 0 9 5 5 5 5 5 5 5 5 5 5 5 5 9 5 5 5 5 5 5 5 5 5 5 5 5 5 5 5 5 5 5 5 5 5 5 5 5 5 9 0 0 0 0
0 0 0 0 9 5 5 5 5 5 5 5 5 5 5 5 5 5 5 5 5 5 5 5 5 5 5 5 5 5 5 5 5 5 5 5 5 5 5 5 5 5 5 9 0 0 0 0 0 0 0 0 0 0 0 9 5 5 5 5 5 5 5 5 5 5 5 9 5 5 5 5 5 5 5 5 5 5 5 5 5 5 5 5 5 5 5 5 5 5 5 5 5 5 9 0 0 0 0
0 0 0 0 9 5 5 5 5 5 5 5 5 5 5 5 5 5 5 5 5 5 5 5 5 5 5 5 5 5 5 5 5 5 5 5 5 5 5 5 5 5 5 9 0 0 0 0 0 0 0 0 0 0 0 9 5 5 5 5 5 5 5 5 5 5 9 5 5 5 5 5 5 5 5 5 5 5 5 5 5 5 5 5 5 5 5 5 5 5 5 5 5 5 9 0 0 0 0
0 0 0 0 9 5 5 5 5 5 5 5 5 5 5 5 5 5 5 5 5 5 5 5 5 5 5 5 5 5 5 5 5 5 5 5 5 5 5 5 5 5 5 9 0 0 0 0 0 0 0 0 0 0 0 9 5 5 5 5 5 5 5 5 5 9 5 5 5 5 5 5 5 5 5 5 5 5 5 5 5 5 5 5 5 5 5 5 5 5 5 5 5 5 9 0 0 0 0
0 0 0 0 9 5 5 5 5 5 5 5 5 5 5 5 5 5 5 5 5 5 5 5 5 5 5 5 5 5 5 5 5 5 5 5 5 5 5 5 5 5 5 9 0 0 0 0 0 0 0 0 0 0 0 9 5 5 5 5 5 5 5 5 5 5 5 5 5 5 5 5 5 5 5 5 5 5 5 5 5 5 5 5 5 5 5 5 5 5 5 5 5 5 9 0 0 0 0
0 0 0 0 9 9 9 9 9 9 9 9 9 9 9 9 9 9 9 9 9 9 9 9 9 9 9 9 9 9 9 9 9 9 9 9 9 9 9 9 9 9 9 9 0 0 0 0 0 0 0 0 0 0 0 9 9 9 9 9 9 9 9 9 9 9 9 9 9 9 9 9 9 9 9 9 9 9 9 9 9 9 9 9 9 9 9 9 9 9 9 9 9 9 9 0 0 0 0
0 0 0 0 0 0 0 0 0 0 0 0 0 0 0 0 0 0 0 0 0 0 0 0 0 0 0 0 0 0 0 0 0 0 0 0 0 0 0 0 0 0 0 0 0 0 0 0 0 0 0 0 0 0 0 0 0 0 0 0 0 0 0 0 0 0 0 0 0 0 0 0 0 0 0 0 0 0 0 0 0 0 0 0 0 0 0 0 0 0 0 0 0 0 0 0 0 0 0
0 0 0 0 0 0 0 0 0 0 0 0 0 0 0 0 0 0 0 0 0 0 0 0 0 0 0 0 0 0 0 0 0 0 0 0 0 0 0 0 0 0 0 0 0 0 0 0 0 0 0 0 0 0 0 0 0 0 0 0 0 0 0 0 0 0 0 0 0 0 0 0 0 0 0 0 0 0 0 0 0 0 0 0 0 0 0 0 0 0 0 0 0 0 0 0 0 0 0
0 0 0 0 0 0 0 0 0 0 0 0 0 0 0 0 0 0 0 0 0 0 0 0 0 0 0 0 0 0 0 0 0 0 0 0 0 0 0 0 0 0 0 0 0 0 0 0 0 0 0 0 0 0 0 0 0 0 0 0 0 0 0 0 0 0 0 0 0 0 0 0 0 0 0 0 0 0 0 0 0 0 0 0 0 0 0 0 0 0 0 0 0 0 0 0 0 0 0
0 0 0 0 0 0 0 0 0 0 0 0 0 0 0 0 0 0 0 0 0 0 0 0 0 0 0 0 0 0 0 0 0 0 0 0 0 0 0 0 0 0 0 0 0 0 0 0 0 0 0 0 0 0 0 0 0 0 0 0 0 0 0 0 0 0 0 0 0 0 0 0 0 0 0 0 0 0 0 0 0 0 0 0 0 0 0 0 0 0 0 0 0 0 0 0 0 0 0
